G3dErrFileVersion 2018P3.1
FlagFileMetaData Begin
   Mesh Size - Setup1, Refinement, Pass #1, Freq. 8.000000e+09 :Title    
   Listing of mesh elements with poor quality. :ToolTip  
   hf3d :Author   
   1731838018 :TimeStamp
FlagFileMetaData End
BEGIN_ERR 
26 Small mesh segment detected on body : Box2
 Small mesh segment detected on body : Box2 
 Segment Statistics - Number of Segments : 1 --- Segment length(s) : 0.017500mm. The cutoff frequency for S-Matrix Only Solve is 4.2827494MHz 
3 -1  98  260  # nfids, fids[]
2 290  -1  # nbids, bids[]
      4 4 1 0 #ntets ntri ned npts
           2.1563476562500000e+01  -3.6000000000000021e+01   0.0000000000000000e+00 #xyz tv0
           2.0249999999999996e+01  -4.4000000000000000e+01   1.7499999999999996e+00 #xyz tv1
           2.1563476562500000e+01  -3.6000000000000021e+01  -1.7500000000000002e-02 #xyz tv2
           2.1126953125000000e+01  -3.6000000000000021e+01   0.0000000000000000e+00 -1 290 #xyz tv3 fid bid
           2.1563476562500000e+01  -3.6000000000000021e+01   0.0000000000000000e+00 #xyz tv0
           2.1563476562500000e+01  -3.6000000000000021e+01  -1.7500000000000002e-02 #xyz tv1
           2.0249999999999996e+01  -4.4000000000000000e+01   1.7499999999999996e+00 #xyz tv2
           2.2000000000000000e+01  -3.6000000000000021e+01   0.0000000000000000e+00 -1 290 #xyz tv3 fid bid
           2.1563476562500000e+01  -3.6000000000000021e+01   0.0000000000000000e+00 #xyz tv0
           2.1563476562500000e+01  -3.6000000000000021e+01  -1.7500000000000002e-02 #xyz tv1
           2.2000000000000000e+01  -3.5551757812500014e+01   0.0000000000000000e+00 #xyz tv2
           2.1126953125000000e+01  -3.6000000000000021e+01   0.0000000000000000e+00 -1 290 #xyz tv3 fid bid
           2.1563476562500000e+01  -3.6000000000000021e+01   0.0000000000000000e+00 #xyz tv0
           2.2000000000000000e+01  -3.5551757812500014e+01   0.0000000000000000e+00 #xyz tv1
           2.1563476562500000e+01  -3.6000000000000021e+01  -1.7500000000000002e-02 #xyz tv2
           2.2000000000000000e+01  -3.6000000000000021e+01   0.0000000000000000e+00 -1 290 #xyz tv3 fid bid
           2.1563476562500000e+01  -3.6000000000000021e+01   0.0000000000000000e+00 #xyz tv0
           2.1563476562500000e+01  -3.6000000000000021e+01  -1.7500000000000002e-02 #xyz tv1
           2.2000000000000000e+01  -3.6000000000000021e+01   0.0000000000000000e+00 98 -1 #xyz tv2 fid bid
           2.1563476562500000e+01  -3.6000000000000021e+01   0.0000000000000000e+00 #xyz tv0
           2.1563476562500000e+01  -3.6000000000000021e+01  -1.7500000000000002e-02 #xyz tv1
           2.2000000000000000e+01  -3.6000000000000021e+01   0.0000000000000000e+00 260 -1 #xyz tv2 fid bid
           2.1563476562500000e+01  -3.6000000000000021e+01   0.0000000000000000e+00 #xyz tv0
           2.1126953125000000e+01  -3.6000000000000021e+01   0.0000000000000000e+00 #xyz tv1
           2.1563476562500000e+01  -3.6000000000000021e+01  -1.7500000000000002e-02 98 -1 #xyz tv2 fid bid
           2.1563476562500000e+01  -3.6000000000000021e+01   0.0000000000000000e+00 #xyz tv0
           2.1126953125000000e+01  -3.6000000000000021e+01   0.0000000000000000e+00 #xyz tv1
           2.1563476562500000e+01  -3.6000000000000021e+01  -1.7500000000000002e-02 260 -1 #xyz tv2 fid bid
           2.1563476562500000e+01  -3.6000000000000021e+01   0.0000000000000000e+00 #xyz ev0
           2.1563476562500000e+01  -3.6000000000000021e+01  -1.7500000000000002e-02 -1 290 #xyz ev1 fid bid
   0   0.000000000000e+00   0.000000000000e+00   0.000000000000e+00 #flag location
END_ERR 
